2855295.32
2366468.965
2623284.791
2492254.819
4162340.018
1575362.194
3110290.263
2528643.559
2200777.398
4163175.561
2281315.673
1185933.304
3674666.327
1133116.057
764247.7091
2773252.741
1612946.931
1764146.772
2971473.087
2172672.104
1845084.588
2713826.839
2608106.633
4781201.358
2290327.989
2442476.676
2618359.141
1708666.64
3187632.381
1640211.437
3505032.794
5368450.114
3383240.228
4315373.549
2488191.709
1805950.343
2677391.058
3939334.131
2220264.427
4774213.942
3095388.048
1492309.267
1720006.177
1402039.928
4539324.461
2187745.16
3794809.115
1606960.453
2584915.363
2082922.918
1835275.213
3756897.386
3568760.482
6409617.246
3546601.486
4191072.997
1833236.181
1486239.582
2506379.055
2520346.816
3253769.298
3528869.605
3331816.382
1261409.48
2840216.844
4025162.813
3048639.11
5732936.387
2865441.057
4762918.791
3713236.519
6541810.74
2913398.077
3374642.288
2671442.148
2226669.984
1876155.61
4697369.884
3423941.68
1666824.656
3613692.866
4681652.241
3927615.803
2209448.102
1726482.193
1826878.145
3240335.09
2689345.323
2841566.773
2056763.282
3514197.078
2790932.275
3248152.712
2869897.464
2492970.498
4675791.223
2314460.698
3116798.479
1882386.223
5407672.238
4381816.981
1982842.24
2747572.256
1391699.429
2579279.616
2394166.627
2189201.482
1269977.867
2028369.031
1955620.122
2239133.878
3400692.351
2043429.803
2703601.301
2134716.039
2754317.191
2809691.221
2120509.593
1710890.378
4591508.108
2098573.431
2917695.67
3256300.642
4304121.217
5980231.462
3133510.77
3726661.263
3292415.658
5507695.7
3456661.974
2919953.125
2825558.552
2003492.96
3452392.78
1789943.192
3571596.461
2695242.406
3446527.309
4130694.164
3642450.74
3852422.552
3127048.579
886468.5891
4237849.141
4273062.278
3168681.943
1357741.332
2551088.824
2302080.229
2669006.479
7832189.693
5708104.502
3130706.868
2544047.889
5132561.393
1631434.417
2183796.128
2090811.469
3460805.6
1443922.964
1743758.082
3020300.677
2041122.835
3387292.24
5605530.215
2466398.682
1245367.121
2749974.276
3999951.21
5680529.134
1683794.439
2707426.859
3498492.515
1913261.498
3440336.532
3050467.936
2507671.735
6872718.872
2757749.826
4285721.003
2808475.934
4352962.879
4880587.796
4246555.193
4112415.077
1573333.291
2181376.178
3501515.679
2634992.704
3424428.474
1567972.897
1728023.231
2431888.413
2403346.358
2381734.068
3525594.93
2875203.246
2184357.982
6864805.325
2788958.451
2264050.203
2526549.96
3513954.094
1072580.806
1641789.782
2286925.987
4179924.448
2661047.789
5120168.15
2159265.064
3964176.398
3108161.944
3387428.425
3262661.583
2341159.207
2813573.494
2285533.935
1443810.358
2157615.577
3035833.395
2641232.836
2664955.653
1563561.411
1345123.109
4467458.444
1890670.727
1751479.773
3372923.641
1469364.427
3810147.461
2622490.46
2171247.499
1822441.815
1760433.008
1246279.79
4121472.874
1457523.128
2863066.628
4238465.401
3427640.892
4043327.981
5561823.083
3632100.622
2388639.664
3549509.161
3820496.089
1661160.712
1459577.965
3642258.436
4494996.584
2455638.057
3607050.533
3027971.19
1865381.899
3136352.263
2267135.717
2726012.596
4365385.137
3773169.217
2162927.245
1520397.7
2379393.42
4234295.583
4720720.907
5834647.493
2695901.417
1899732.813
2544890.084
2464699.277
2010568.344
3960864.655
2317370.349
2579510.347
2354276.729
1869318.223
2067213.082
3248321.839
3919900.065
1926140.153
1078948.068
3205035.803
1757569.771
1653441.155
3247700.208
3498088.837
3625047.508
4424634.05
4432411.677
2295973.29
2776651.696
2313546.627
3864463.815
3911768.976
3325333.878
3553429.446
1945040.066
1937181.542
3312316.94
4761518.425
1997698.341
4389873.782
1566975.713
3142300.756
5327423.632
3669119.32
3363131.202
3205933.144
757585.0792
3123741.37
2118956.596
2307333.571
3250364.896
2598269.966
5616737.03
1313271.67
4327783.158
2119232.549
5120919.707
3224086.979
2802697.336
3949991.396
894295.189
1769818.141
3536422.42
2886214.87
2729875.664
2882550.937
1535043.007
3046546.797
2657715.974
4415897.936
2917235.913
5711865.074
1425131.743
2045184.268
3161524.217
2335495.426
2211751.916
2842540.652
4614259.307
3055691.244
1257538.221
1781543.112
2514988.792
3437801.392
2842014.052
5126718.702
4775807.787
3287699.676
4305247.331
4134911.941
2457532.665
2516346.328
1400327.655
3088663.895
3570551.11
4135807.413
2762299.267
2325641.585
2125140.568
4103545.128
2905568.708
5418807.15
4952826.112
2611483.148
1447313.252
6005765.254
2575974.435
1479902.373
2239031.855
4524055.635
3576970.171
2111989.835
4191587.874
3678222.755
3746628.379
3128778.759
3653011.944
762769.7906
4228895.91
3310757.703
2264705.868
3309690.684
1710305.048
1839464.347
3074325.541
3144789.71
4254898.226
1621829.771
7445367.755
1946743.213
5527803.465
1893482.112
3411123.337
2465607.433
2973837.48
2527680.304
3482019.587
1781532.252
2803616.419
1742627.941
2466067.602
3128107.007
2895639.302
5201295.977
3207543.332
6997568.733
5321486.396
3303882.914
2110315.18
2653644.671
2463544.772
4898093.906
1854468.492
6587555.357
2009859.484
3346913.407
4157057.648
2221484.187
5691379.108
2447458.599
3248647.913
3871348.183
2277837.883
5884093.1
3810065.68
5262794.218
2561800.361
2327189.887
3486682.045
4629222.713
4089486.172
3324368.727
3146037.001
2757585.013
2928366.945
4948124.636
2702717.848
3845989.327
1443618.111
1530180.72
2241710.735
5666256.025
5112839.543
3377250.964
3422844.776
4876129.172
2357702.519
2138777.519
2607774.903
4591619.932
4013143.057
4423015.238
1607529.627
3681252.431
2425655.986
2023333.93
2560972.832
1200019.378
2360438.021
1490472.697
1282942.905
2351900.849
4324131.861
907638.0296
4704568.372
2385785.641
2538082.829
2531768.898
3129342.657
1669540.077
2474852.439
2373336.029
3905525.279
1613606.495
5410930.612
2523743.143
3801101.618
2640256.233
2058667.566
1584986.5
4712831.648
2279848.112
4592276.502
3087058.012
2471214.013
4264679.237
2505884.021
2451885.383
2033087.939
4317781.055
2604519.576
1739732.79
3961479.429
2918555.954
2414800.983
3553268.35
2661450.041
1085201.317
2241100.121
2404959.208
2160347.02
1850109.289
3777037.338
2977496.689
2257808.903
4483552.84
2523573.775
2033928.468
3351384.071
2081310.923
2287372.796
1965934.688
2630611.106
3859186.119
2546767.543
1446535.074
2800824.048
3026286.482
1323599.459
1819354.363
4862005.725
2619079.086
3041335.235
2241709.201
2838238.35
3688789.482
2378586.103
1914699.215
3655225.865
5429607.523
1772889.032
2326716.963
3548894.565
3156430.311
1339770.13
3216709.102
2074473.906
2498757.724
1112594.962
3047590.169
1592714.594
3203070.766
2969554.447
4783399.793
2233319.094
3944342.778
1769594.989
1636758.997
3906986.652
2268773.859
1537091.015
5738387.766
2121319.181
1850530.914
4637368.619
2035779.402
1524518.941
6298527.83
2843189.66
2852049.856
2482464.402
1214283.093
960698.1712
4794479.009
2900661.347
3431217.657
5192381.499
992154.4582
2072292.463
2642605.781
2936417.748
3954963.099
2082037.702
2614235.91
1477483.917
1993735.887
4455931.665
3340340.063
3314146.478
990267.0383
1900631.189
1039688.884
4101321.226
2351163.596
2538251.924
2951596.763
1399621.509
3671620.153
434293.1793
3576668.918
2814908.409
3180511.954
3670075.385
886616.6404
2073757.806
1563144.768
3716501.495
1031668.215
3868921.404
1385393.54
1912709.152
1520289.857
3748360.825
1809570.891
2503418.768
3128124.146
1862356.467
2254326.096
5562450.759
1794079.415
3644792.511
2201415.032
4290115.646
3744353.292
3604434.419
3745769.877
1582962.856
2324905.452
2873176.782
3242927.932
2518849.666
2132464.247
2430660.349
1621648.922
2676290.204
1356424.242
7699156.106
2005765.539
2182794.852
1604701.265
5449668.243
3633941.901
4267937.162
5090830.098
1081668.021
2650017.643
2512454.055
2826059.63
4657528.362
4919683.362
3256519.2
4299294.675
3307475.763
2423454.486
1842643.648
1903633.43
692455.9035
2640204.955
2784423.338
2194241.823
3673651.957
3826679.082
2362969.126
2845377.284
2618319.508
2449918.803
2840725.023
3809628.137
2356060.633
3360816.354
2149278.135
2608689.949
1682231.796
3769845.681
2744024.328
2444346.135
2983752.276
1497151.177
2921675.507
3361187.01
2502945.982
2135621.128
2533793.377
1194212.833
1776695.591
1631694.598
3536713.523
3330644.474
448409.5773
3334433.257
5387487.834
3145245.669
1075695.581
1225066.547
2516809.929
1596554.021
2551079.981
2056925.334
5203084.594
2191835.019
2522336.296
2352661.404
3872531.683
3796178.532
4334917.427
2069436.788
2564245.624
1925732.834
1043054.94
2872101.99
2756495.001
1976659.458
3822650.856
2375488.763
2848608.57
2300900.542
4078214.822
1566472.637
2759394.66
1752882.927
3625817.979
2948214.931
5061920.018
3593394.769
2072015.589
2639223.725
3431447.201
3349964.067
1523566.091
3584542.563
4277358.35
3430698.897
3636235.352
1594933.207
2609232.919
1402552.836
4002561.982
1845164.613
2514979.157
1558159.754
4273689.832
1778356.186
3711529.625
5617501.506
2620612.134
3979903.212
1847855.963
4396563.386
2920733.737
1803916.976
3598735.026
3011891.999
3419930.399
3890970.389
2146654.115
5399557.766
2754152.565
2720702.159
2782245.303
1351792.88
2787308.328
2055263.4
1998040.373
3014501.912
3548019.627
1801295.345
2189991.147
3429544.695
2614124.375
1856392.993
2564507.921
1722061.387
3668622.876
2171297.218
3413257.331
3678470.359
2232882.138
2823572.444
2816111.571
2566191.988
4896903.904
4659560.449
2373182.89
3340800.189
3736253.117
3721444.314
1964993.313
1896220.503
2215871.543
4783863.743
2816747.159
2224582.143
2550228.973
2779614.811
3695753.907
1950341.871
4278276.834
2380698.343
4727828.777
3097818.493
2724374.434
2688614.086
3594465.15
3396358.941
3954794.735
2559695.316
4560451.411
5298917.162
3086734.072
2368351.377
1291783.164
2622932.266
3803546.411
2974935.377
3523156.437
2082003.532
1459181.588
3816962.487
4051390.321
1478799.338
3895334.453
4019449.041
4278018.554
4273203.674
2990719.187
2956353.896
2956438.18
1612700.625
3916073.426
2152969.349
3654155.167
4137042.673
3596729.691
2354624.713
2072258.569
1570946.722
3977720.404
3028974.707
2593095.915
3044821.809
2054802.112
2012769.054
3069168.276
2814844.537
1528004.771
1355465.615
3756886.752
1989099.797
3605022.259
2956325.537
3864445.805
3423947.978
2658311.079
2115930.733
2444958.291
3772735.057
3417821.494
1593556.445
3037768.948
2604861.801
2690598.582
1684035.057
2190664.048
2553387.104
3144226.291
3318950.938
1844087.871
1785906.196
1811904.699
2295936.065
1189844.921
4235995.623
3900198.456
2426207.755
1643634.636
3021764.196
4289008.168
2574469.637
2794982.427
2643051.085
3500490.53
3741345.074
1968860.371
2294625.027
6538826.592
3588135.149
2484400.406
2502763.263
2455024.858
3545764.2
3008732.865
2997908.354
1700578.621
3263624.206
2318802.146
4710806.191
1639089.466
3694515.993
2541895.12
4655103.929
3896395.83
3313786.84
5953777.432
4370825.196
2874986.557
4789559.56
2438756.267
3244573.482
5295457.078
2584552.878
4451570.797
3272449.696
1582536.087
3543374.161
1714811.249
3988303.991
1364476.745
2320659.885
4469213.134
3100897.332
3427963.895
3579545.671
4516559.386
1983477.718
2310156.044
4093819.871
2955041.753
1513175.991
2487354.809
4466494.006
1816732.683
3618822.935
6420885.296
1935500.352
4778213.776
2392362.943
3607874.311
1379057.501
2348019.774
4715760.503
2679251.908
1563410.276
2896310.131
2773180.598
3888127.284
4663878.2
3535744.01
3022504.075
3007961.731
4733674.772
2588423.357
3232783.502
1250332.26
3741787.261
2631456.009
2088037.084
1982623.091
3227878.255
1664795.456
864784.8282
3836491.069
1728642.624
1376466.919
1530701.421
3701986.322
4879913.106
1646919.33
3186291.378
3932768.509
1533652.451
1119165.984
4760756.828
2995973.77
3920405.429
4699191.862
1791604.196
1715761.504
4353681.762
2210649.902
1811602.523
4390902.265
2805293.006
2984143.767
6631307.016
1568837.865
3477571.672
1763103.671
4524245.72
5096001.062
2821656.17
2394932.707
4654866.91
2701646.736
3923890.065
2015140.629
2208672.468
1429187.874
2857106.424
2971204.332
3678433.348
3637505.076
3635190.11
2589866.747
2976644.659
2941699.184
2443034.987
3777943.445
3755724.19
2878453.114
